camera_matrix:
- - 3219.528715718657
  - 0.0
  - 1525.6647787077911
- - 0.0
  - 3086.233289709237
  - 1449.011838005749
- - 0.0
  - 0.0
  - 1.0
dist_coeff:
- - -0.625732411766115
  - 1.5844449090258645
  - 0.0250929862952268
  - -0.002081510828035585
  - -1.5673305529960482
